SplitterH.X=886.962524
SplitterH.Y=480.500000
SplitterH.Height=961.000000
ViewportType3=3
SplitterH.Width=20.000000
CameraSpeedScalar3=1.000000
SplitterV.X=0.000000
SplitterV.Width=984.000000
CameraSpeedScalar2=2.598000
SplitterV.Y=866.722900
SplitterV.Height=20.000000
PerspectiveCameraRotX2=0.000000
ShowFlag1=15
CameraSpeedSetting0=1
CameraSpeedScalar0=3.500000
GridSize0=10.000000
PerspectiveCameraRotY2=-7.400002
PerspectiveCameraLocX0=-185.613968
PerspectiveCameraLocY0=-23.968193
PerspectiveCameraLocZ0=-37.443863
ShowFlag3=15
CameraSpeedSetting2=1
PerspectiveCameraRotX0=0.000000
PerspectiveCameraLocX2=-16.645920
PerspectiveCameraRotY0=-24.699999
PerspectiveCameraRotZ0=7.100000
PerspectiveCameraRotX3=0.000000
CameraSpeedSetting1=1
ShowFlag0=15
bMutiView=1
ViewMode0=1
ViewportType0=0
CameraSpeedScalar1=3.400000
GridSize1=10.000000
PerspectiveCameraRotY3=23.899998
PerspectiveCameraLocX1=-28.107929
ScreenHeight=0
PerspectiveCameraLocY1=-27.869390
PerspectiveCameraLocZ1=25.837776
CameraSpeedSetting3=1
ShowFlag2=15
PerspectiveCameraRotX1=0.000000
PerspectiveCameraLocX3=3.457821
PerspectiveCameraRotY1=0.926283
PerspectiveCameraRotZ1=0.770000
ViewMode1=1
ViewportType1=6
GridSize2=10.000000
PerspectiveCameraLocY2=10.497724
PerspectiveCameraLocZ2=6.919771
PerspectiveCameraRotZ2=-19.500002
ScreenWidth=0
ViewMode2=0
ViewportType2=3
GridSize3=10.000000
PerspectiveCameraLocY3=30.354818
PerspectiveCameraLocZ3=14.345372
PerspectiveCameraRotZ3=-87.200005
ViewMode3=0
OrthoZoomSize=125.199951
ActiveViewportIndex=0
OrthoPivotX=20.999996
OrthoPivotY=25.599993
OrthoPivotZ=39.680008
