SplitterH.X=1730.658569
SplitterH.Y=480.500000
SplitterH.Height=1137.000000
ViewportType3=3
SplitterH.Width=20.000000
CameraSpeedScalar3=1.000000
SplitterV.X=0.000000
SplitterV.Width=1920.000000
CameraSpeedScalar2=2.598000
SplitterV.Y=602.456787
SplitterV.Height=20.000000
PerspectiveCameraRotX2=0.000000
ShowFlag1=15
CameraSpeedSetting0=1
CameraSpeedScalar0=8.299999
GridSize0=10.000000
PerspectiveCameraRotY2=-7.400002
PerspectiveCameraLocX0=-915.602844
PerspectiveCameraLocY0=-234.170547
PerspectiveCameraLocZ0=601.524719
ShowFlag3=15
CameraSpeedSetting2=1
PerspectiveCameraRotX0=0.000000
PerspectiveCameraLocX2=-16.645920
PerspectiveCameraRotY0=24.700008
PerspectiveCameraRotZ0=15.000000
PerspectiveCameraRotX3=0.000000
CameraSpeedSetting1=1
ShowFlag0=15
bMutiView=0
ViewMode0=1
ViewportType0=0
CameraSpeedScalar1=3.400000
GridSize1=10.000000
PerspectiveCameraRotY3=0.000000
PerspectiveCameraLocX1=0.000000
ScreenHeight=2
PerspectiveCameraLocY1=0.000000
PerspectiveCameraLocZ1=0.000000
CameraSpeedSetting3=1
ShowFlag2=15
PerspectiveCameraRotX1=0.000000
PerspectiveCameraLocX3=0.000000
PerspectiveCameraRotY1=0.000000
PerspectiveCameraRotZ1=0.000000
ViewMode1=1
ViewportType1=0
GridSize2=10.000000
PerspectiveCameraLocY2=0.000000
PerspectiveCameraLocZ2=0.000000
PerspectiveCameraRotZ2=0.000000
ScreenWidth=2
ViewMode2=0
ViewportType2=0
GridSize3=10.000000
PerspectiveCameraLocY3=0.000000
PerspectiveCameraLocZ3=0.000000
PerspectiveCameraRotZ3=0.000000
ViewMode3=0
OrthoZoomSize=125.199951
ActiveViewportIndex=2
OrthoPivotX=7.099957
OrthoPivotY=26.999998
OrthoPivotZ=25.680000
