SplitterH.X=886.962524
SplitterH.Y=480.500000
SplitterH.Height=961.000000
ViewportType3=3
SplitterH.Width=20.000000
CameraSpeedScalar3=1.000000
SplitterV.X=0.000000
SplitterV.Width=984.000000
CameraSpeedScalar2=2.598000
SplitterV.Y=379.200500
SplitterV.Height=20.000000
PerspectiveCameraRotX2=0.000000
ShowFlag1=15
CameraSpeedSetting0=1
CameraSpeedScalar0=8.299999
GridSize0=10.000000
PerspectiveCameraRotY2=48.026268
PerspectiveCameraLocX0=-61.224739
PerspectiveCameraLocY0=-45.462040
PerspectiveCameraLocZ0=15.393610
ShowFlag3=15
CameraSpeedSetting2=1
PerspectiveCameraRotX0=0.000000
PerspectiveCameraLocX2=-34.427757
PerspectiveCameraRotY0=7.999997
PerspectiveCameraRotZ0=41.269997
PerspectiveCameraRotX3=0.000000
CameraSpeedSetting1=1
ShowFlag0=15
bMutiView=0
ViewMode0=1
ViewportType0=0
CameraSpeedScalar1=3.400000
GridSize1=10.000000
PerspectiveCameraRotY3=0.926283
PerspectiveCameraLocX1=-28.107929
ScreenHeight=2
PerspectiveCameraLocY1=-27.869390
PerspectiveCameraLocZ1=25.837776
CameraSpeedSetting3=1
ShowFlag2=15
PerspectiveCameraRotX1=0.000000
PerspectiveCameraLocX3=-28.107929
PerspectiveCameraRotY1=0.926283
PerspectiveCameraRotZ1=0.770000
ViewMode1=1
ViewportType1=0
GridSize2=10.000000
PerspectiveCameraLocY2=-34.235237
PerspectiveCameraLocZ2=48.026749
PerspectiveCameraRotZ2=43.470013
ScreenWidth=2
ViewMode2=0
ViewportType2=0
GridSize3=10.000000
PerspectiveCameraLocY3=-27.869390
PerspectiveCameraLocZ3=25.837776
PerspectiveCameraRotZ3=0.770000
ViewMode3=0
OrthoZoomSize=125.199951
ActiveViewportIndex=2
OrthoPivotX=7.099957
OrthoPivotY=26.999998
OrthoPivotZ=25.680000
