SplitterH.X=831.829346
SplitterH.Y=480.500000
SplitterH.Height=1137.000000
ViewportType3=3
SplitterH.Width=20.000000
CameraSpeedScalar3=1.000000
SplitterV.X=0.000000
SplitterV.Width=1920.000000
CameraSpeedScalar2=2.598000
SplitterV.Y=506.298584
SplitterV.Height=20.000000
PerspectiveCameraRotX2=0.000000
ShowFlag1=15
CameraSpeedSetting0=1
CameraSpeedScalar0=1.000000
GridSize0=10.000000
PerspectiveCameraRotY2=-7.400002
PerspectiveCameraLocX0=-15.455070
PerspectiveCameraLocY0=28.234968
PerspectiveCameraLocZ0=19.850443
ShowFlag3=15
CameraSpeedSetting2=1
PerspectiveCameraRotX0=0.000000
PerspectiveCameraLocX2=-16.645920
PerspectiveCameraRotY0=26.499992
PerspectiveCameraRotZ0=-47.699997
PerspectiveCameraRotX3=0.000000
CameraSpeedSetting1=1
ShowFlag0=15
bMutiView=1
ViewMode0=0
ViewportType0=3
CameraSpeedScalar1=1.000000
GridSize1=10.000000
PerspectiveCameraRotY3=23.899998
PerspectiveCameraLocX1=13.384838
ScreenHeight=1
PerspectiveCameraLocY1=23.230026
PerspectiveCameraLocZ1=16.339342
CameraSpeedSetting3=1
ShowFlag2=15
PerspectiveCameraRotX1=0.000000
PerspectiveCameraLocX3=3.457821
PerspectiveCameraRotY1=-3.300007
PerspectiveCameraRotZ1=-164.400070
ViewMode1=0
ViewportType1=3
GridSize2=10.000000
PerspectiveCameraLocY2=10.497724
PerspectiveCameraLocZ2=6.919771
PerspectiveCameraRotZ2=-19.500002
ScreenWidth=1
ViewMode2=0
ViewportType2=3
GridSize3=10.000000
PerspectiveCameraLocY3=30.354818
PerspectiveCameraLocZ3=14.345372
PerspectiveCameraRotZ3=-87.200005
ViewMode3=0
OrthoZoomSize=10.000000
ActiveViewportIndex=1
OrthoPivotX=0.000000
OrthoPivotY=0.000000
OrthoPivotZ=0.000000
