SplitterH.X=794.829346
SplitterH.Y=480.500000
SplitterH.Height=1137.000000
ViewportType3=0
SplitterH.Width=20.000000
CameraSpeedScalar3=1.000000
SplitterV.X=0.000000
SplitterV.Width=1920.000000
CameraSpeedScalar2=2.598000
SplitterV.Y=551.298584
SplitterV.Height=20.000000
PerspectiveCameraRotX2=0.000000
ShowFlag1=15
CameraSpeedSetting0=1
CameraSpeedScalar0=1.000000
GridSize0=10.000000
PerspectiveCameraRotY2=41.099983
PerspectiveCameraLocX0=-17.058502
PerspectiveCameraLocY0=-12.616363
PerspectiveCameraLocZ0=18.650753
ShowFlag3=15
CameraSpeedSetting2=1
PerspectiveCameraRotX0=0.000000
PerspectiveCameraLocX2=-31.465630
PerspectiveCameraRotY0=23.199945
PerspectiveCameraRotZ0=742.600830
PerspectiveCameraRotX3=0.000000
CameraSpeedSetting1=1
ShowFlag0=15
bMutiView=1
ViewMode0=0
ViewportType0=0
CameraSpeedScalar1=1.000000
GridSize1=10.000000
PerspectiveCameraRotY3=17.599983
PerspectiveCameraLocX1=-7.669471
ScreenHeight=1
PerspectiveCameraLocY1=-1.894789
PerspectiveCameraLocZ1=6.129945
CameraSpeedSetting3=1
ShowFlag2=15
PerspectiveCameraRotX1=0.000000
PerspectiveCameraLocX3=12.446753
PerspectiveCameraRotY1=21.399979
PerspectiveCameraRotZ1=27.299858
ViewMode1=0
ViewportType1=3
GridSize2=10.000000
PerspectiveCameraLocY2=-56.484955
PerspectiveCameraLocZ2=91.727783
PerspectiveCameraRotZ2=56.900047
ScreenWidth=1
ViewMode2=0
ViewportType2=3
GridSize3=10.000000
PerspectiveCameraLocY3=-10.955005
PerspectiveCameraLocZ3=5.639429
PerspectiveCameraRotZ3=170.900146
ViewMode3=0
OrthoZoomSize=32.800003
ActiveViewportIndex=1
OrthoPivotX=12.080032
OrthoPivotY=7.399995
OrthoPivotZ=1.639999
