SplitterH.X=994.829468
SplitterH.Y=480.500000
SplitterH.Height=1137.000000
ViewportType3=3
SplitterH.Width=20.000000
CameraSpeedScalar3=1.000000
SplitterV.X=0.000000
SplitterV.Width=1920.000000
CameraSpeedScalar2=2.598000
SplitterV.Y=653.580444
SplitterV.Height=20.000000
PerspectiveCameraRotX2=0.000000
ShowFlag1=15
CameraSpeedSetting0=1
CameraSpeedScalar0=7.397999
GridSize0=10.000000
PerspectiveCameraRotY2=6.499998
PerspectiveCameraLocX0=4.053311
PerspectiveCameraLocY0=145.235123
PerspectiveCameraLocZ0=149.756714
ShowFlag3=15
CameraSpeedSetting2=1
PerspectiveCameraRotX0=0.000000
PerspectiveCameraLocX2=-56.701523
PerspectiveCameraRotY0=40.800022
PerspectiveCameraRotZ0=605.500183
PerspectiveCameraRotX3=0.000000
CameraSpeedSetting1=1
ShowFlag0=15
bMutiView=1
ViewMode0=0
ViewportType0=0
CameraSpeedScalar1=1.000000
GridSize1=10.000000
PerspectiveCameraRotY3=23.899998
PerspectiveCameraLocX1=13.384838
ScreenHeight=0
PerspectiveCameraLocY1=23.230026
PerspectiveCameraLocZ1=16.339342
CameraSpeedSetting3=1
ShowFlag2=15
PerspectiveCameraRotX1=0.000000
PerspectiveCameraLocX3=3.457821
PerspectiveCameraRotY1=-3.300007
PerspectiveCameraRotZ1=-164.400070
ViewMode1=0
ViewportType1=3
GridSize2=10.000000
PerspectiveCameraLocY2=148.097534
PerspectiveCameraLocZ2=29.795609
PerspectiveCameraRotZ2=-80.199982
ScreenWidth=0
ViewMode2=0
ViewportType2=0
GridSize3=10.000000
PerspectiveCameraLocY3=30.354818
PerspectiveCameraLocZ3=14.345372
PerspectiveCameraRotZ3=-87.200005
ViewMode3=0
OrthoZoomSize=170.800110
ActiveViewportIndex=0
OrthoPivotX=-78.250008
OrthoPivotY=2.300000
OrthoPivotZ=31.429998
