CameraSpeedSetting=1
CameraSpeedScalar=5.116000
GridSize=20.000000
