<<<<<<< HEAD
SplitterH.X=767.829468
SplitterH.Y=480.500000
SplitterH.Height=1137.000000
ViewportType3=4
=======
SplitterH.X=426.312561
SplitterH.Y=480.500000
SplitterH.Height=961.000000
ViewportType3=3
>>>>>>> main
SplitterH.Width=20.000000
CameraSpeedScalar3=1.000000
SplitterV.X=0.000000
SplitterV.Width=984.000000
CameraSpeedScalar2=2.598000
<<<<<<< HEAD
SplitterV.Y=545.580383
=======
SplitterV.Y=427.926941
>>>>>>> main
SplitterV.Height=20.000000
PerspectiveCameraRotX2=0.000000
ShowFlag1=15
CameraSpeedSetting0=1
<<<<<<< HEAD
CameraSpeedScalar0=7.397987
GridSize0=10.000000
PerspectiveCameraRotY2=22.199995
PerspectiveCameraLocX0=-52.985443
PerspectiveCameraLocY0=74.549477
PerspectiveCameraLocZ0=78.759933
ShowFlag3=15
CameraSpeedSetting2=1
PerspectiveCameraRotX0=0.000000
PerspectiveCameraLocX2=101.026550
PerspectiveCameraRotY0=41.200012
PerspectiveCameraRotZ0=667.299438
=======
CameraSpeedScalar0=2.200000
GridSize0=10.000000
PerspectiveCameraRotY2=-7.400002
PerspectiveCameraLocX0=-0.486592
PerspectiveCameraLocY0=-8.615223
PerspectiveCameraLocZ0=3.148901
ShowFlag3=15
CameraSpeedSetting2=1
PerspectiveCameraRotX0=0.000000
PerspectiveCameraLocX2=-16.645920
PerspectiveCameraRotY0=12.000059
PerspectiveCameraRotZ0=1523.498657
>>>>>>> main
PerspectiveCameraRotX3=0.000000
CameraSpeedSetting1=1
ShowFlag0=15
bMutiView=1
ViewMode0=1
ViewportType0=0
CameraSpeedScalar1=3.400000
GridSize1=10.000000
PerspectiveCameraRotY3=23.899998
<<<<<<< HEAD
PerspectiveCameraLocX1=84.190948
ScreenHeight=3
PerspectiveCameraLocY1=206.830521
PerspectiveCameraLocZ1=120.400192
=======
PerspectiveCameraLocX1=13.384838
ScreenHeight=1
PerspectiveCameraLocY1=23.230026
PerspectiveCameraLocZ1=16.339342
>>>>>>> main
CameraSpeedSetting3=1
ShowFlag2=15
PerspectiveCameraRotX1=0.000000
PerspectiveCameraLocX3=3.457821
<<<<<<< HEAD
PerspectiveCameraRotY1=28.899975
PerspectiveCameraRotZ1=-78.699966
ViewMode1=0
ViewportType1=2
GridSize2=10.000000
PerspectiveCameraLocY2=107.014336
PerspectiveCameraLocZ2=64.322533
PerspectiveCameraRotZ2=-130.399994
ScreenWidth=3
ViewMode2=0
ViewportType2=5
=======
PerspectiveCameraRotY1=-3.300007
PerspectiveCameraRotZ1=-164.400070
ViewMode1=1
ViewportType1=6
GridSize2=10.000000
PerspectiveCameraLocY2=10.497724
PerspectiveCameraLocZ2=6.919771
PerspectiveCameraRotZ2=-19.500002
ScreenWidth=1
ViewMode2=0
ViewportType2=3
>>>>>>> main
GridSize3=10.000000
PerspectiveCameraLocY3=30.354818
PerspectiveCameraLocZ3=14.345372
PerspectiveCameraRotZ3=-87.200005
<<<<<<< HEAD
ViewMode3=2
OrthoZoomSize=206.800186
ActiveViewportIndex=3
OrthoPivotX=-10.799964
OrthoPivotY=-6.400007
OrthoPivotZ=9.380024
=======
ViewMode3=0
OrthoZoomSize=18.400000
ActiveViewportIndex=1
OrthoPivotX=-0.250001
OrthoPivotY=2.049995
OrthoPivotZ=-0.169999
>>>>>>> main
