CameraSpeedSetting=1
CameraSpeedScalar=1.398000
GridSize=20.000000
