CameraSpeedSetting=1
CameraSpeedScalar=4.998000
GridSize=20.000000
