SplitterH.X=534.450012
SplitterH.Y=480.500000
SplitterH.Height=961.000000
ViewportType3=3
SplitterH.Width=20.000000
CameraSpeedScalar3=1.000000
SplitterV.X=0.000000
SplitterV.Width=984.000000
CameraSpeedScalar2=2.598000
SplitterV.Y=648.525879
SplitterV.Height=20.000000
PerspectiveCameraRotX2=0.000000
ShowFlag1=15
CameraSpeedSetting0=1
CameraSpeedScalar0=1.000000
GridSize0=10.000000
PerspectiveCameraRotY2=41.099983
PerspectiveCameraLocX0=25.642292
PerspectiveCameraLocY0=2.778242
PerspectiveCameraLocZ0=30.506697
ShowFlag3=15
CameraSpeedSetting2=1
PerspectiveCameraRotX0=0.000000
PerspectiveCameraLocX2=-31.465630
PerspectiveCameraRotY0=48.299976
PerspectiveCameraRotZ0=585.099854
PerspectiveCameraRotX3=0.000000
CameraSpeedSetting1=1
ShowFlag0=15
bMutiView=1
ViewMode0=0
ViewportType0=3
CameraSpeedScalar1=1.000000
GridSize1=10.000000
PerspectiveCameraRotY3=5.599984
PerspectiveCameraLocX1=-7.669471
ScreenHeight=0
PerspectiveCameraLocY1=-1.894789
PerspectiveCameraLocZ1=6.129945
CameraSpeedSetting3=1
ShowFlag2=15
PerspectiveCameraRotX1=0.000000
PerspectiveCameraLocX3=12.446753
PerspectiveCameraRotY1=21.399979
PerspectiveCameraRotZ1=27.299858
ViewMode1=0
ViewportType1=3
GridSize2=10.000000
PerspectiveCameraLocY2=-56.484955
PerspectiveCameraLocZ2=91.727783
PerspectiveCameraRotZ2=56.900047
ScreenWidth=0
ViewMode2=0
ViewportType2=3
GridSize3=10.000000
PerspectiveCameraLocY3=-10.955005
PerspectiveCameraLocZ3=5.639429
PerspectiveCameraRotZ3=151.700134
ViewMode3=0
OrthoZoomSize=10.000000
ActiveViewportIndex=0
OrthoPivotX=0.000000
OrthoPivotY=0.000000
OrthoPivotZ=0.000000
