SplitterH.X=913.829346
SplitterH.Y=480.500000
SplitterH.Height=1137.000000
ViewportType3=3
SplitterH.Width=20.000000
CameraSpeedScalar3=1.000000
SplitterV.X=0.000000
SplitterV.Width=1920.000000
CameraSpeedScalar2=2.598000
SplitterV.Y=617.298584
SplitterV.Height=20.000000
PerspectiveCameraRotX2=0.000000
ShowFlag1=15
CameraSpeedSetting0=1
CameraSpeedScalar0=1.000000
GridSize0=10.000000
PerspectiveCameraRotY2=23.899998
PerspectiveCameraLocX0=30.824518
PerspectiveCameraLocY0=-5.638381
PerspectiveCameraLocZ0=12.611950
ShowFlag3=15
CameraSpeedSetting2=1
PerspectiveCameraRotX0=0.000000
PerspectiveCameraLocX2=-23.452614
PerspectiveCameraRotY0=25.399986
PerspectiveCameraRotZ0=168.500000
PerspectiveCameraRotX3=0.000000
CameraSpeedSetting1=1
ShowFlag0=15
bMutiView=1
ViewMode0=0
ViewportType0=3
CameraSpeedScalar1=1.000000
GridSize1=10.000000
PerspectiveCameraRotY3=1.899993
PerspectiveCameraLocX1=-57.145435
ScreenHeight=1
PerspectiveCameraLocY1=-3.361156
PerspectiveCameraLocZ1=75.768021
CameraSpeedSetting3=1
ShowFlag2=15
PerspectiveCameraRotX1=0.000000
PerspectiveCameraLocX3=-16.640514
PerspectiveCameraRotY1=52.399994
PerspectiveCameraRotZ1=4.499889
ViewMode1=0
ViewportType1=3
GridSize2=10.000000
PerspectiveCameraLocY2=-204.966858
PerspectiveCameraLocZ2=87.458031
PerspectiveCameraRotZ2=85.899994
ScreenWidth=1
ViewMode2=0
ViewportType2=3
GridSize3=10.000000
PerspectiveCameraLocY3=2.058026
PerspectiveCameraLocZ3=3.498962
PerspectiveCameraRotZ3=14.600010
ViewMode3=0
OrthoZoomSize=10.000000
ActiveViewportIndex=1
OrthoPivotX=0.000000
OrthoPivotY=0.000000
OrthoPivotZ=0.000000
