SplitterH.X=466.828003
SplitterH.Y=0.000000
SplitterH.Height=961.000000
ViewportType3=4
SplitterH.Width=20.000000
CameraSpeedScalar3=1.000000
SplitterV.X=0.000000
SplitterV.Width=984.000000
CameraSpeedScalar2=1.000000
SplitterV.Y=478.218140
SplitterV.Height=20.000000
PerspectiveCameraRotX2=0.000000
ShowFlag1=15
CameraSpeedSetting0=1
CameraSpeedScalar0=1.000000
GridSize0=-431602080.000000
PerspectiveCameraRotY2=30.400005
PerspectiveCameraLocX0=-4.105603
PerspectiveCameraLocY0=42.078590
PerspectiveCameraLocZ0=27.664406
ShowFlag3=15
CameraSpeedSetting2=1
PerspectiveCameraRotX0=0.000000
PerspectiveCameraLocX2=21.914062
PerspectiveCameraRotY0=37.800003
PerspectiveCameraRotZ0=-98.700035
PerspectiveCameraRotX3=0.000000
CameraSpeedSetting1=1
ShowFlag0=15
bMutiView=1
ViewMode0=0
ViewportType0=3
CameraSpeedScalar1=1.000000
GridSize1=10.000000
PerspectiveCameraRotY3=15.000000
PerspectiveCameraLocX1=9.509444
PerspectiveCameraLocY1=31.670303
PerspectiveCameraLocZ1=11.359436
CameraSpeedSetting3=1
ShowFlag2=15
PerspectiveCameraRotX1=0.000000
PerspectiveCameraLocX3=-8.255309
PerspectiveCameraRotY1=12.099998
PerspectiveCameraRotZ1=-84.499992
ViewMode1=2
ViewportType1=1
GridSize2=10.000000
PerspectiveCameraLocY2=40.660114
PerspectiveCameraLocZ2=18.018576
PerspectiveCameraRotZ2=-88.000000
ViewMode2=0
ViewportType2=3
GridSize3=10.000000
PerspectiveCameraLocY3=5.579192
PerspectiveCameraLocZ3=-3.486681
PerspectiveCameraRotZ3=-36.699997
ViewMode3=1
ActiveViewportIndex=3
