CameraSpeedSetting=1
CameraSpeedScalar=3.798000
GridSize=20.000000
