SplitterH.X=508.825012
SplitterH.Y=480.500000
SplitterH.Height=961.000000
ViewportType3=3
SplitterH.Width=20.000000
CameraSpeedScalar3=1.000000
SplitterV.X=0.000000
SplitterV.Width=984.000000
CameraSpeedScalar2=1.000000
SplitterV.Y=494.698303
SplitterV.Height=20.000000
PerspectiveCameraRotX2=0.000000
ShowFlag1=15
CameraSpeedSetting0=1
CameraSpeedScalar0=1.000000
GridSize0=10.000000
PerspectiveCameraRotY2=2.900000
PerspectiveCameraLocX0=6.751598
PerspectiveCameraLocY0=146.043793
PerspectiveCameraLocZ0=71.230934
ShowFlag3=15
CameraSpeedSetting2=1
PerspectiveCameraRotX0=0.000000
PerspectiveCameraLocX2=-16.325270
PerspectiveCameraRotY0=24.900002
PerspectiveCameraRotZ0=-88.899986
PerspectiveCameraRotX3=0.000000
CameraSpeedSetting1=1
ShowFlag0=15
bMutiView=1
ViewMode0=0
ViewportType0=3
CameraSpeedScalar1=1.000000
GridSize1=10.000000
PerspectiveCameraRotY3=19.799997
PerspectiveCameraLocX1=13.384838
ScreenHeight=0
PerspectiveCameraLocY1=23.230026
PerspectiveCameraLocZ1=16.339342
CameraSpeedSetting3=1
ShowFlag2=15
PerspectiveCameraRotX1=0.000000
PerspectiveCameraLocX3=-7.224985
PerspectiveCameraRotY1=28.999996
PerspectiveCameraRotZ1=-99.699997
ViewMode1=0
ViewportType1=3
GridSize2=10.000000
PerspectiveCameraLocY2=9.728112
PerspectiveCameraLocZ2=0.816544
PerspectiveCameraRotZ2=-22.700003
ScreenWidth=0
ViewMode2=0
ViewportType2=3
GridSize3=10.000000
PerspectiveCameraLocY3=19.390507
PerspectiveCameraLocZ3=11.564173
PerspectiveCameraRotZ3=-58.000000
ViewMode3=0
OrthoZoomSize=10.000000
ActiveViewportIndex=0
OrthoPivotX=0.000000
OrthoPivotY=0.000000
OrthoPivotZ=0.000000
